title:1

// Exalted Truth (god-pve)
//notes: solo - MW: Handling tags:god-pve
dimwishlist:item=3436626079&perks=839105230,1431678320,2048641572,4049631843,2988596335
dimwishlist:item=3436626079&perks=839105230,1431678320,2048641572,859780267,2988596335
dimwishlist:item=3436626079&perks=839105230,1431678320,2048641572,776531651,2988596335
dimwishlist:item=3436626079&perks=839105230,1431678320,2048641572,2541826827,2988596335
dimwishlist:item=3436626079&perks=839105230,1431678320,2048641572,1464081238,2988596335
dimwishlist:item=3436626079&perks=839105230,1431678320,2048641572,2813913866,2988596335
dimwishlist:item=3436626079&perks=839105230,1431678320,1926441324,4049631843,2988596335
dimwishlist:item=3436626079&perks=839105230,1431678320,1926441324,859780267,2988596335
dimwishlist:item=3436626079&perks=839105230,1431678320,1926441324,776531651,2988596335
dimwishlist:item=3436626079&perks=839105230,1431678320,1926441324,2541826827,2988596335
dimwishlist:item=3436626079&perks=839105230,1431678320,1926441324,1464081238,2988596335
dimwishlist:item=3436626079&perks=839105230,1431678320,1926441324,2813913866,2988596335
dimwishlist:item=3436626079&perks=839105230,550838496,2048641572,4049631843,2988596335
dimwishlist:item=3436626079&perks=839105230,550838496,2048641572,859780267,2988596335
dimwishlist:item=3436626079&perks=839105230,550838496,2048641572,776531651,2988596335
dimwishlist:item=3436626079&perks=839105230,550838496,2048641572,2541826827,2988596335
dimwishlist:item=3436626079&perks=839105230,550838496,2048641572,1464081238,2988596335
dimwishlist:item=3436626079&perks=839105230,550838496,2048641572,2813913866,2988596335
dimwishlist:item=3436626079&perks=839105230,550838496,1926441324,4049631843,2988596335
dimwishlist:item=3436626079&perks=839105230,550838496,1926441324,859780267,2988596335
dimwishlist:item=3436626079&perks=839105230,550838496,1926441324,776531651,2988596335
dimwishlist:item=3436626079&perks=839105230,550838496,1926441324,2541826827,2988596335
dimwishlist:item=3436626079&perks=839105230,550838496,1926441324,1464081238,2988596335
dimwishlist:item=3436626079&perks=839105230,550838496,1926441324,2813913866,2988596335
dimwishlist:item=3436626079&perks=3048246338,1431678320,2048641572,4049631843,2988596335
dimwishlist:item=3436626079&perks=3048246338,1431678320,2048641572,859780267,2988596335
dimwishlist:item=3436626079&perks=3048246338,1431678320,2048641572,776531651,2988596335
dimwishlist:item=3436626079&perks=3048246338,1431678320,2048641572,2541826827,2988596335
dimwishlist:item=3436626079&perks=3048246338,1431678320,2048641572,1464081238,2988596335
dimwishlist:item=3436626079&perks=3048246338,1431678320,2048641572,2813913866,2988596335
dimwishlist:item=3436626079&perks=3048246338,1431678320,1926441324,4049631843,2988596335
dimwishlist:item=3436626079&perks=3048246338,1431678320,1926441324,859780267,2988596335
dimwishlist:item=3436626079&perks=3048246338,1431678320,1926441324,776531651,2988596335
dimwishlist:item=3436626079&perks=3048246338,1431678320,1926441324,2541826827,2988596335
dimwishlist:item=3436626079&perks=3048246338,1431678320,1926441324,1464081238,2988596335
dimwishlist:item=3436626079&perks=3048246338,1431678320,1926441324,2813913866,2988596335
dimwishlist:item=3436626079&perks=3048246338,550838496,2048641572,4049631843,2988596335
dimwishlist:item=3436626079&perks=3048246338,550838496,2048641572,859780267,2988596335
dimwishlist:item=3436626079&perks=3048246338,550838496,2048641572,776531651,2988596335
dimwishlist:item=3436626079&perks=3048246338,550838496,2048641572,2541826827,2988596335
dimwishlist:item=3436626079&perks=3048246338,550838496,2048641572,1464081238,2988596335
dimwishlist:item=3436626079&perks=3048246338,550838496,2048641572,2813913866,2988596335
dimwishlist:item=3436626079&perks=3048246338,550838496,1926441324,4049631843,2988596335
dimwishlist:item=3436626079&perks=3048246338,550838496,1926441324,859780267,2988596335
dimwishlist:item=3436626079&perks=3048246338,550838496,1926441324,776531651,2988596335
dimwishlist:item=3436626079&perks=3048246338,550838496,1926441324,2541826827,2988596335
dimwishlist:item=3436626079&perks=3048246338,550838496,1926441324,1464081238,2988596335
dimwishlist:item=3436626079&perks=3048246338,550838496,1926441324,2813913866,2988596335
dimwishlist:item=3436626079&perks=1840239774,1431678320,2048641572,4049631843,2988596335
dimwishlist:item=3436626079&perks=1840239774,1431678320,2048641572,859780267,2988596335
dimwishlist:item=3436626079&perks=1840239774,1431678320,2048641572,776531651,2988596335
dimwishlist:item=3436626079&perks=1840239774,1431678320,2048641572,2541826827,2988596335
dimwishlist:item=3436626079&perks=1840239774,1431678320,2048641572,1464081238,2988596335
dimwishlist:item=3436626079&perks=1840239774,1431678320,2048641572,2813913866,2988596335
dimwishlist:item=3436626079&perks=1840239774,1431678320,1926441324,4049631843,2988596335
dimwishlist:item=3436626079&perks=1840239774,1431678320,1926441324,859780267,2988596335
dimwishlist:item=3436626079&perks=1840239774,1431678320,1926441324,776531651,2988596335
dimwishlist:item=3436626079&perks=1840239774,1431678320,1926441324,2541826827,2988596335
dimwishlist:item=3436626079&perks=1840239774,1431678320,1926441324,1464081238,2988596335
dimwishlist:item=3436626079&perks=1840239774,1431678320,1926441324,2813913866,2988596335
dimwishlist:item=3436626079&perks=1840239774,550838496,2048641572,4049631843,2988596335
dimwishlist:item=3436626079&perks=1840239774,550838496,2048641572,859780267,2988596335
dimwishlist:item=3436626079&perks=1840239774,550838496,2048641572,776531651,2988596335
dimwishlist:item=3436626079&perks=1840239774,550838496,2048641572,2541826827,2988596335
dimwishlist:item=3436626079&perks=1840239774,550838496,2048641572,1464081238,2988596335
dimwishlist:item=3436626079&perks=1840239774,550838496,2048641572,2813913866,2988596335
dimwishlist:item=3436626079&perks=1840239774,550838496,1926441324,4049631843,2988596335
dimwishlist:item=3436626079&perks=1840239774,550838496,1926441324,859780267,2988596335
dimwishlist:item=3436626079&perks=1840239774,550838496,1926441324,776531651,2988596335
dimwishlist:item=3436626079&perks=1840239774,550838496,1926441324,2541826827,2988596335
dimwishlist:item=3436626079&perks=1840239774,550838496,1926441324,1464081238,2988596335
dimwishlist:item=3436626079&perks=1840239774,550838496,1926441324,2813913866,2988596335
dimwishlist:item=3436626079&perks=1124871858,1431678320,2048641572,4049631843,2988596335
dimwishlist:item=3436626079&perks=1124871858,1431678320,2048641572,859780267,2988596335
dimwishlist:item=3436626079&perks=1124871858,1431678320,2048641572,776531651,2988596335
dimwishlist:item=3436626079&perks=1124871858,1431678320,2048641572,2541826827,2988596335
dimwishlist:item=3436626079&perks=1124871858,1431678320,2048641572,1464081238,2988596335
dimwishlist:item=3436626079&perks=1124871858,1431678320,2048641572,2813913866,2988596335
dimwishlist:item=3436626079&perks=1124871858,1431678320,1926441324,4049631843,2988596335
dimwishlist:item=3436626079&perks=1124871858,1431678320,1926441324,859780267,2988596335
dimwishlist:item=3436626079&perks=1124871858,1431678320,1926441324,776531651,2988596335
dimwishlist:item=3436626079&perks=1124871858,1431678320,1926441324,2541826827,2988596335
dimwishlist:item=3436626079&perks=1124871858,1431678320,1926441324,1464081238,2988596335
dimwishlist:item=3436626079&perks=1124871858,1431678320,1926441324,2813913866,2988596335
dimwishlist:item=3436626079&perks=1124871858,550838496,2048641572,4049631843,2988596335
dimwishlist:item=3436626079&perks=1124871858,550838496,2048641572,859780267,2988596335
dimwishlist:item=3436626079&perks=1124871858,550838496,2048641572,776531651,2988596335
dimwishlist:item=3436626079&perks=1124871858,550838496,2048641572,2541826827,2988596335
dimwishlist:item=3436626079&perks=1124871858,550838496,2048641572,1464081238,2988596335
dimwishlist:item=3436626079&perks=1124871858,550838496,2048641572,2813913866,2988596335
dimwishlist:item=3436626079&perks=1124871858,550838496,1926441324,4049631843,2988596335
dimwishlist:item=3436626079&perks=1124871858,550838496,1926441324,859780267,2988596335
dimwishlist:item=3436626079&perks=1124871858,550838496,1926441324,776531651,2988596335
dimwishlist:item=3436626079&perks=1124871858,550838496,1926441324,2541826827,2988596335
dimwishlist:item=3436626079&perks=1124871858,550838496,1926441324,1464081238,2988596335
dimwishlist:item=3436626079&perks=1124871858,550838496,1926441324,2813913866,2988596335


// Exalted Truth (god-pve)
//notes: group - MW: Range tags:god-pve
dimwishlist:item=3436626079&perks=4090651448,3177308360,2048641572,4049631843,4091460919
dimwishlist:item=3436626079&perks=4090651448,3177308360,2048641572,859780267,4091460919
dimwishlist:item=3436626079&perks=4090651448,3177308360,2048641572,776531651,4091460919
dimwishlist:item=3436626079&perks=4090651448,3177308360,2048641572,2541826827,4091460919
dimwishlist:item=3436626079&perks=4090651448,3177308360,2048641572,1464081238,4091460919
dimwishlist:item=3436626079&perks=4090651448,3177308360,2048641572,2813913866,4091460919
dimwishlist:item=3436626079&perks=4090651448,3177308360,1926441324,4049631843,4091460919
dimwishlist:item=3436626079&perks=4090651448,3177308360,1926441324,859780267,4091460919
dimwishlist:item=3436626079&perks=4090651448,3177308360,1926441324,776531651,4091460919
dimwishlist:item=3436626079&perks=4090651448,3177308360,1926441324,2541826827,4091460919
dimwishlist:item=3436626079&perks=4090651448,3177308360,1926441324,1464081238,4091460919
dimwishlist:item=3436626079&perks=4090651448,3177308360,1926441324,2813913866,4091460919
dimwishlist:item=3436626079&perks=111235976,3177308360,2048641572,4049631843,4091460919
dimwishlist:item=3436626079&perks=111235976,3177308360,2048641572,859780267,4091460919
dimwishlist:item=3436626079&perks=111235976,3177308360,2048641572,776531651,4091460919
dimwishlist:item=3436626079&perks=111235976,3177308360,2048641572,2541826827,4091460919
dimwishlist:item=3436626079&perks=111235976,3177308360,2048641572,1464081238,4091460919
dimwishlist:item=3436626079&perks=111235976,3177308360,2048641572,2813913866,4091460919
dimwishlist:item=3436626079&perks=111235976,3177308360,1926441324,4049631843,4091460919
dimwishlist:item=3436626079&perks=111235976,3177308360,1926441324,859780267,4091460919
dimwishlist:item=3436626079&perks=111235976,3177308360,1926441324,776531651,4091460919
dimwishlist:item=3436626079&perks=111235976,3177308360,1926441324,2541826827,4091460919
dimwishlist:item=3436626079&perks=111235976,3177308360,1926441324,1464081238,4091460919
dimwishlist:item=3436626079&perks=111235976,3177308360,1926441324,2813913866,4091460919
dimwishlist:item=3436626079&perks=1482024992,3177308360,2048641572,4049631843,4091460919
dimwishlist:item=3436626079&perks=1482024992,3177308360,2048641572,859780267,4091460919
dimwishlist:item=3436626079&perks=1482024992,3177308360,2048641572,776531651,4091460919
dimwishlist:item=3436626079&perks=1482024992,3177308360,2048641572,2541826827,4091460919
dimwishlist:item=3436626079&perks=1482024992,3177308360,2048641572,1464081238,4091460919
dimwishlist:item=3436626079&perks=1482024992,3177308360,2048641572,2813913866,4091460919
dimwishlist:item=3436626079&perks=1482024992,3177308360,1926441324,4049631843,4091460919
dimwishlist:item=3436626079&perks=1482024992,3177308360,1926441324,859780267,4091460919
dimwishlist:item=3436626079&perks=1482024992,3177308360,1926441324,776531651,4091460919
dimwishlist:item=3436626079&perks=1482024992,3177308360,1926441324,2541826827,4091460919
dimwishlist:item=3436626079&perks=1482024992,3177308360,1926441324,1464081238,4091460919
dimwishlist:item=3436626079&perks=1482024992,3177308360,1926441324,2813913866,4091460919
dimwishlist:item=3436626079&perks=2860123632,3177308360,2048641572,4049631843,4091460919
dimwishlist:item=3436626079&perks=2860123632,3177308360,2048641572,859780267,4091460919
dimwishlist:item=3436626079&perks=2860123632,3177308360,2048641572,776531651,4091460919
dimwishlist:item=3436626079&perks=2860123632,3177308360,2048641572,2541826827,4091460919
dimwishlist:item=3436626079&perks=2860123632,3177308360,2048641572,1464081238,4091460919
dimwishlist:item=3436626079&perks=2860123632,3177308360,2048641572,2813913866,4091460919
dimwishlist:item=3436626079&perks=2860123632,3177308360,1926441324,4049631843,4091460919
dimwishlist:item=3436626079&perks=2860123632,3177308360,1926441324,859780267,4091460919
dimwishlist:item=3436626079&perks=2860123632,3177308360,1926441324,776531651,4091460919
dimwishlist:item=3436626079&perks=2860123632,3177308360,1926441324,2541826827,4091460919
dimwishlist:item=3436626079&perks=2860123632,3177308360,1926441324,1464081238,4091460919
dimwishlist:item=3436626079&perks=2860123632,3177308360,1926441324,2813913866,4091460919


// Exalted Truth (god-pvp)
//notes: pvp - MW: Handling tags:god-pvp
dimwishlist:item=3436626079&perks=4090651448,3177308360,3619207468,47981717,4091460919
dimwishlist:item=3436626079&perks=4090651448,3177308360,3619207468,47981717,2988596335
dimwishlist:item=3436626079&perks=4090651448,3177308360,3619207468,1370847713,4091460919
dimwishlist:item=3436626079&perks=4090651448,3177308360,3619207468,1370847713,2988596335
dimwishlist:item=3436626079&perks=4090651448,3177308360,3198323828,47981717,4091460919
dimwishlist:item=3436626079&perks=4090651448,3177308360,3198323828,47981717,2988596335
dimwishlist:item=3436626079&perks=4090651448,3177308360,3198323828,1370847713,4091460919
dimwishlist:item=3436626079&perks=4090651448,3177308360,3198323828,1370847713,2988596335
dimwishlist:item=3436626079&perks=111235976,3177308360,3619207468,47981717,4091460919
dimwishlist:item=3436626079&perks=111235976,3177308360,3619207468,47981717,2988596335
dimwishlist:item=3436626079&perks=111235976,3177308360,3619207468,1370847713,4091460919
dimwishlist:item=3436626079&perks=111235976,3177308360,3619207468,1370847713,2988596335
dimwishlist:item=3436626079&perks=111235976,3177308360,3198323828,47981717,4091460919
dimwishlist:item=3436626079&perks=111235976,3177308360,3198323828,47981717,2988596335
dimwishlist:item=3436626079&perks=111235976,3177308360,3198323828,1370847713,4091460919
dimwishlist:item=3436626079&perks=111235976,3177308360,3198323828,1370847713,2988596335
dimwishlist:item=3436626079&perks=1482024992,3177308360,3619207468,47981717,4091460919
dimwishlist:item=3436626079&perks=1482024992,3177308360,3619207468,47981717,2988596335
dimwishlist:item=3436626079&perks=1482024992,3177308360,3619207468,1370847713,4091460919
dimwishlist:item=3436626079&perks=1482024992,3177308360,3619207468,1370847713,2988596335
dimwishlist:item=3436626079&perks=1482024992,3177308360,3198323828,47981717,4091460919
dimwishlist:item=3436626079&perks=1482024992,3177308360,3198323828,47981717,2988596335
dimwishlist:item=3436626079&perks=1482024992,3177308360,3198323828,1370847713,4091460919
dimwishlist:item=3436626079&perks=1482024992,3177308360,3198323828,1370847713,2988596335
dimwishlist:item=3436626079&perks=2860123632,3177308360,3619207468,47981717,4091460919
dimwishlist:item=3436626079&perks=2860123632,3177308360,3619207468,47981717,2988596335
dimwishlist:item=3436626079&perks=2860123632,3177308360,3619207468,1370847713,4091460919
dimwishlist:item=3436626079&perks=2860123632,3177308360,3619207468,1370847713,2988596335
dimwishlist:item=3436626079&perks=2860123632,3177308360,3198323828,47981717,4091460919
dimwishlist:item=3436626079&perks=2860123632,3177308360,3198323828,47981717,2988596335
dimwishlist:item=3436626079&perks=2860123632,3177308360,3198323828,1370847713,4091460919
dimwishlist:item=3436626079&perks=2860123632,3177308360,3198323828,1370847713,2988596335


